10-17-1888
no_extra_teacher_found
24-04-1996
╒═══════╤════════════════════════════════════════════════════════════╤══════════════════════════════════════════════════════════════╤══════════════════════════════════════════════════════════════╤══════════════════════════════════════════════════════════════╤══════════════════════════════════════════════════════════════╤══════════════════════════════════════════════════════════════╤══════════════════════════════════════════════════════════╤══════════════════════════════════════════════════════════╕
│ X     │ 0                                                          │ 1                                                            │ 2                                                            │ 3                                                            │ 4                                                            │ 5                                                            │ 6                                                        │ 7                                                        │
╞═══════╪════════════════════════════════════════════════════════════╪══════════════════════════════════════════════════════════════╪══════════════════════════════════════════════════════════════╪══════════════════════════════════════════════════════════════╪══════════════════════════════════════════════════════════════╪══════════════════════════════════════════════════════════════╪══════════════════════════════════════════════════════════╪══════════════════════════════════════════════════════════╡
│ Day 0 │ [(5, 4, 0, 1), (5, 4, 1, 1), (10, 6, 2, 3), (10, 6, 3, 3)] │ [(12, 8, 1, 1), (12, 8, 2, 1), (12, 8, 3, 1), (12, 8, 0, 1)] │ [(12, 8, 2, 1), (12, 8, 0, 1), (12, 8, 1, 1), (12, 8, 3, 1)] │ [(12, 8, 0, 1), (12, 8, 2, 1), (12, 8, 3, 1), (12, 8, 1, 1)] │ [(11, 7, 3, 1), (11, 7, 1, 1), (11, 7, 0, 1), (11, 7, 2, 1)] │ [(11, 7, 0, 1), (11, 7, 1, 1), (11, 7, 3, 1), (11, 7, 2, 1)] │ [(2, 2, 0, 3), (2, 2, 1, 3), (2, 2, 3, 3), (2, 2, 2, 3)] │ [(10, 6, 3, 1), (10, 6, 2, 1)]                           │
├───────┼────────────────────────────────────────────────────────────┼──────────────────────────────────────────────────────────────┼──────────────────────────────────────────────────────────────┼──────────────────────────────────────────────────────────────┼──────────────────────────────────────────────────────────────┼──────────────────────────────────────────────────────────────┼──────────────────────────────────────────────────────────┼──────────────────────────────────────────────────────────┤
│ Day 1 │ [(7, 5, 1, 2), (7, 5, 0, 2), (4, 0, 2, 3)]                 │ [(4, 0, 2, 3), (5, 4, 1, 2)]                                 │ [(4, 0, 2, 3), (5, 4, 1, 4), (5, 4, 0, 4)]                   │ []                                                           │ []                                                           │ []                                                           │ [(6, 4, 2, 3)]                                           │ [(2, 2, 0, 2), (2, 2, 1, 2), (2, 2, 2, 2), (2, 2, 3, 2)] │
├───────┼────────────────────────────────────────────────────────────┼──────────────────────────────────────────────────────────────┼──────────────────────────────────────────────────────────────┼──────────────────────────────────────────────────────────────┼──────────────────────────────────────────────────────────────┼──────────────────────────────────────────────────────────────┼──────────────────────────────────────────────────────────┼──────────────────────────────────────────────────────────┤
│ Day 2 │ [(6, 4, 3, 1), (6, 4, 2, 1)]                               │ [(2, 2, 2, 4), (2, 2, 0, 4), (2, 2, 1, 4), (2, 2, 3, 4)]     │ []                                                           │ [(7, 5, 1, 3), (7, 5, 0, 3)]                                 │ []                                                           │ []                                                           │ [(6, 4, 2, 4), (6, 4, 3, 4), (3, 1, 0, 1)]               │ [(3, 1, 0, 1), (4, 3, 2, 3), (4, 3, 3, 3)]               │
├───────┼────────────────────────────────────────────────────────────┼──────────────────────────────────────────────────────────────┼──────────────────────────────────────────────────────────────┼──────────────────────────────────────────────────────────────┼──────────────────────────────────────────────────────────────┼──────────────────────────────────────────────────────────────┼──────────────────────────────────────────────────────────┼──────────────────────────────────────────────────────────┤
│ Day 3 │ [(8, 5, 3, 3), (4, 0, 1, 2), (8, 5, 2, 3)]                 │ [(5, 1, 2, 3), (4, 0, 1, 2), (3, 0, 3, 4)]                   │ [(4, 0, 1, 2), (5, 1, 2, 3), (3, 0, 3, 4)]                   │ [(3, 0, 3, 4)]                                               │ [(9, 6, 1, 2), (8, 5, 3, 1), (8, 5, 2, 1), (9, 6, 0, 2)]     │ [(9, 6, 0, 1), (9, 6, 1, 1), (5, 1, 3, 4)]                   │ [(3, 3, 0, 1), (3, 3, 1, 1), (5, 1, 3, 4)]               │ []                                                       │
├───────┼────────────────────────────────────────────────────────────┼──────────────────────────────────────────────────────────────┼──────────────────────────────────────────────────────────────┼──────────────────────────────────────────────────────────────┼──────────────────────────────────────────────────────────────┼──────────────────────────────────────────────────────────────┼──────────────────────────────────────────────────────────┼──────────────────────────────────────────────────────────┤
│ Day 4 │ [(7, 5, 0, 1), (4, 3, 3, 1), (7, 5, 1, 1), (4, 3, 2, 1)]   │ []                                                           │ []                                                           │ [(3, 1, 1, 2)]                                               │ [(3, 1, 1, 2)]                                               │ []                                                           │ []                                                       │ [(6, 4, 3, 2), (3, 3, 1, 2), (6, 4, 2, 2), (3, 3, 0, 2)] │
├───────┼────────────────────────────────────────────────────────────┼──────────────────────────────────────────────────────────────┼──────────────────────────────────────────────────────────────┼──────────────────────────────────────────────────────────────┼──────────────────────────────────────────────────────────────┼──────────────────────────────────────────────────────────────┼──────────────────────────────────────────────────────────┼──────────────────────────────────────────────────────────┤
│ Day 5 │ [(2, 2, 3, 1), (2, 2, 2, 1), (2, 2, 0, 1), (2, 2, 1, 1)]   │ [(8, 5, 2, 2), (8, 5, 3, 2)]                                 │ [(5, 4, 0, 3), (5, 4, 1, 3)]                                 │ [(4, 0, 0, 1)]                                               │ [(10, 6, 2, 2), (4, 0, 0, 1), (10, 6, 3, 2)]                 │ [(4, 0, 0, 1)]                                               │ [(3, 3, 0, 3), (3, 3, 1, 3)]                             │ [(9, 6, 1, 3), (9, 6, 0, 3), (4, 3, 2, 2), (4, 3, 3, 2)] │
╘═══════╧════════════════════════════════════════════════════════════╧══════════════════════════════════════════════════════════════╧══════════════════════════════════════════════════════════════╧══════════════════════════════════════════════════════════════╧══════════════════════════════════════════════════════════════╧══════════════════════════════════════════════════════════════╧══════════════════════════════════════════════════════════╧══════════════════════════════════════════════════════════╛
30-05-1992
╒═══════╤════════════════════════════════════════════════════════════╤════════════════════════════════════════════╤══════════════════════════════╤══════════════════════════════════════════════════════════════╤══════════════════════════════════════════════════════════════╤══════════════════════════════════════════════════════════════╤══════════════════════════════════════════════════════════════╤══════════════════════════════════════════════════════════════╕
│ X     │ 0                                                          │ 1                                          │ 2                            │ 3                                                            │ 4                                                            │ 5                                                            │ 6                                                            │ 7                                                            │
╞═══════╪════════════════════════════════════════════════════════════╪════════════════════════════════════════════╪══════════════════════════════╪══════════════════════════════════════════════════════════════╪══════════════════════════════════════════════════════════════╪══════════════════════════════════════════════════════════════╪══════════════════════════════════════════════════════════════╪══════════════════════════════════════════════════════════════╡
│ Day 0 │ [(0, 2, 1, 3), (0, 2, 2, 3), (0, 2, 0, 3), (0, 2, 3, 3)]   │ [(4, 0, 1, 2)]                             │ [(4, 0, 1, 2)]               │ [(4, 0, 1, 2)]                                               │ []                                                           │ []                                                           │ []                                                           │ [(4, 3, 3, 1), (7, 5, 1, 3), (7, 5, 0, 3), (4, 3, 2, 1)]     │
├───────┼────────────────────────────────────────────────────────────┼────────────────────────────────────────────┼──────────────────────────────┼──────────────────────────────────────────────────────────────┼──────────────────────────────────────────────────────────────┼──────────────────────────────────────────────────────────────┼──────────────────────────────────────────────────────────────┼──────────────────────────────────────────────────────────────┤
│ Day 1 │ [(9, 6, 0, 2), (8, 5, 3, 3), (9, 6, 1, 2), (8, 5, 2, 3)]   │ [(4, 0, 0, 1)]                             │ [(5, 1, 1, 2), (4, 0, 0, 1)] │ [(4, 0, 0, 1), (5, 1, 1, 2)]                                 │ [(5, 4, 1, 3), (5, 4, 0, 3)]                                 │ [(5, 1, 3, 4), (6, 4, 2, 3)]                                 │ [(5, 1, 3, 4)]                                               │ [(6, 4, 3, 4), (6, 4, 2, 4), (5, 4, 1, 1), (5, 4, 0, 1)]     │
├───────┼────────────────────────────────────────────────────────────┼────────────────────────────────────────────┼──────────────────────────────┼──────────────────────────────────────────────────────────────┼──────────────────────────────────────────────────────────────┼──────────────────────────────────────────────────────────────┼──────────────────────────────────────────────────────────────┼──────────────────────────────────────────────────────────────┤
│ Day 2 │ [(4, 3, 3, 3), (4, 3, 2, 3), (9, 6, 1, 3), (9, 6, 0, 3)]   │ [(8, 5, 3, 1), (8, 5, 2, 1)]               │ [(4, 0, 3, 4)]               │ [(4, 0, 3, 4)]                                               │ [(4, 0, 3, 4)]                                               │ [(7, 5, 0, 1), (7, 5, 1, 1)]                                 │ [(11, 7, 0, 1), (11, 7, 1, 1), (11, 7, 3, 1), (11, 7, 2, 1)] │ [(11, 7, 1, 1), (11, 7, 0, 1), (11, 7, 2, 1), (11, 7, 3, 1)] │
├───────┼────────────────────────────────────────────────────────────┼────────────────────────────────────────────┼──────────────────────────────┼──────────────────────────────────────────────────────────────┼──────────────────────────────────────────────────────────────┼──────────────────────────────────────────────────────────────┼──────────────────────────────────────────────────────────────┼──────────────────────────────────────────────────────────────┤
│ Day 3 │ [(6, 3, 1, 3), (6, 3, 0, 3), (10, 6, 3, 3), (10, 6, 2, 3)] │ [(4, 0, 2, 3)]                             │ [(4, 0, 2, 3)]               │ [(4, 0, 2, 3)]                                               │ [(4, 3, 2, 2), (4, 3, 3, 2)]                                 │ []                                                           │ [(10, 6, 3, 1), (10, 6, 2, 1)]                               │ [(0, 2, 1, 4), (0, 2, 3, 4), (0, 2, 0, 4), (0, 2, 2, 4)]     │
├───────┼────────────────────────────────────────────────────────────┼────────────────────────────────────────────┼──────────────────────────────┼──────────────────────────────────────────────────────────────┼──────────────────────────────────────────────────────────────┼──────────────────────────────────────────────────────────────┼──────────────────────────────────────────────────────────────┼──────────────────────────────────────────────────────────────┤
│ Day 4 │ [(6, 3, 0, 1), (5, 1, 2, 3), (6, 3, 1, 1)]                 │ [(5, 1, 2, 3)]                             │ []                           │ []                                                           │ [(6, 3, 1, 2), (6, 3, 0, 2)]                                 │ [(0, 2, 2, 2), (0, 2, 1, 2), (0, 2, 0, 2), (0, 2, 3, 2)]     │ [(5, 4, 1, 4), (10, 6, 3, 2), (10, 6, 2, 2), (5, 4, 0, 4)]   │ [(0, 2, 2, 1), (0, 2, 3, 1), (0, 2, 1, 1), (0, 2, 0, 1)]     │
├───────┼────────────────────────────────────────────────────────────┼────────────────────────────────────────────┼──────────────────────────────┼──────────────────────────────────────────────────────────────┼──────────────────────────────────────────────────────────────┼──────────────────────────────────────────────────────────────┼──────────────────────────────────────────────────────────────┼──────────────────────────────────────────────────────────────┤
│ Day 5 │ [(6, 4, 3, 2), (5, 1, 0, 1), (6, 4, 2, 2)]                 │ [(6, 4, 2, 1), (5, 1, 0, 1), (6, 4, 3, 1)] │ [(7, 5, 1, 2), (7, 5, 0, 2)] │ [(12, 8, 1, 1), (12, 8, 3, 1), (12, 8, 2, 1), (12, 8, 0, 1)] │ [(12, 8, 2, 1), (12, 8, 0, 1), (12, 8, 3, 1), (12, 8, 1, 1)] │ [(12, 8, 3, 1), (12, 8, 1, 1), (12, 8, 0, 1), (12, 8, 2, 1)] │ [(9, 6, 1, 1), (9, 6, 0, 1)]                                 │ [(5, 4, 1, 2), (8, 5, 3, 2), (8, 5, 2, 2)]                   │
╘═══════╧════════════════════════════════════════════════════════════╧════════════════════════════════════════════╧══════════════════════════════╧══════════════════════════════════════════════════════════════╧══════════════════════════════════════════════════════════════╧══════════════════════════════════════════════════════════════╧══════════════════════════════════════════════════════════════╧══════════════════════════════════════════════════════════════╛
